Name;Longitude;Latitude;PosErrorDirection;PosErrorLambda1;PosErrorLambda2;IsDirected;Direction;ConfInt;Power;MaxPowerUsedForTowerEstimationbyPE;TowerID;MCC;MNC;TAC;CellIdentity;NRARFCN;PhyCellID;SSBIndex;NCI
gNodeB - ID:33114251/187 PCI:71;103.900572;1.298126;0.000000;18.220005;18.220005;1;0;360;30;-73.2;66;525;3;23001;4754363;431050;71;0;8477248443
gNodeB - ID:41920651/186 PCI:370;103.886504;1.295687;-178.751770;10.296962;10.194230;1;0;360;30;-69.0;175;525;3;12001;11045818;431050;370;0;10731686842
gNodeB - ID:41920651/187 PCI:369;103.883432;1.295588;-1.350257;5.527476;5.432370;1;0;360;30;-73.0;297;525;3;12001;11045819;431050;369;0;10731686843
gNodeB - ID:41926731/186 PCI:434;103.966363;1.328365;-154.434448;0.427338;0.210291;1;120;217;30;-64.6;48;525;3;22001;12602298;431050;434;0;10733243322
gNodeB - ID:41926731/187 PCI:433;103.966363;1.328365;-154.434448;0.427338;0.210291;1;300;231;30;-64.6;48;525;3;22001;12602299;431050;433;0;10733243323
gNodeB - ID:41952331/185 PCI:15;103.905382;1.300636;-14.992794;1.139872;1.087425;1;70;360;30;-55.2;38;525;3;23001;2378681;431050;15;0;10739796921
gNodeB - ID:41952331/186 PCI:16;103.905382;1.300636;-14.992794;1.139872;1.087425;1;250;360;30;-55.2;38;525;3;23001;2378682;431050;16;0;10739796922
gNodeB - ID:42326411/186 PCI:205;103.916787;1.303677;-10.762974;10.283974;10.190632;1;0;360;30;-70.5;31;525;3;23001;14257082;431050;205;0;10835561402
gNodeB - ID:43773131/186 PCI:730;103.962214;1.335115;-57.543919;10.884616;10.265385;1;0;360;30;-62.8;26;525;3;22001;15518650;431050;730;0;11205921722
gNodeB - ID:43949131/186 PCI:374;103.951698;1.312059;-15.859385;0.246494;0.192157;1;260;360;30;-61.3;216;525;3;23001;10243002;431050;374;0;11250977722
gNodeB - ID:44904651/185 PCI:278;103.960886;1.318885;-7.486488;3.814866;2.007509;1;20;123;30;-56.3;7;525;3;23001;3197881;431050;278;0;11495590841
gNodeB - ID:44904651/187 PCI:277;103.961400;1.316995;-60.591999;10.207946;10.200302;1;0;360;30;-51.6;28;525;3;23001;3197883;431050;277;0;11495590843
gNodeB - ID:45014731/185 PCI:668;103.849135;1.274606;-33.602215;0.421630;0.369767;1;0;106;30;-71.4;6;525;3;12001;14601145;431050;668;0;11523771321
gNodeB - ID:45014731/186 PCI:667;103.849135;1.274606;-33.602215;0.421630;0.369767;1;120;101;30;-71.4;6;525;3;12001;14601146;431050;667;0;11523771322
gNodeB - ID:45014731/187 PCI:666;103.849135;1.274606;-33.602215;0.421630;0.369767;1;240;102;30;-71.4;6;525;3;12001;14601147;431050;666;0;11523771323
gNodeB - ID:45702731/185 PCI:416;103.842651;1.274235;-33.430206;3.855188;2.347676;1;100;360;30;-65.9;275;525;3;12001;6179769;431050;416;0;11699899321
gNodeB - ID:46200651/185 PCI:319;103.969022;1.321127;-43.691441;0.184639;0.137693;1;60;91;30;-47.7;9;525;3;22001;16206777;431050;319;0;11827366841
gNodeB - ID:46200651/186 PCI:318;103.969022;1.321127;-43.691441;0.184639;0.137693;1;300;86;30;-47.7;9;525;3;22001;16206778;431050;318;0;11827366842
gNodeB - ID:46200651/187 PCI:320;103.969022;1.321127;-43.691441;0.184639;0.137693;1;180;88;30;-47.7;9;525;3;22001;16206779;431050;320;0;11827366843
gNodeB - ID:47046411/186 PCI:765;103.918772;1.304793;-22.424673;6.866679;6.711504;1;0;360;30;-69.5;279;525;3;23001;14617530;431050;765;0;12043881402
gNodeB - ID:41920643/234 PCI:370;103.886813;1.295676;-177.968582;6.876192;6.825850;1;0;360;30;-61.9;39;525;3;12001;11043818;637440;370;2;10731684842
gNodeB - ID:41920643/235 PCI:369;103.883237;1.295567;-1.847991;10.317295;10.159394;1;0;360;30;-74.7;214;525;3;12001;11043819;637440;369;4;10731684843
gNodeB - ID:41926723/233 PCI:432;103.967375;1.328529;-157.032074;0.243719;0.142048;1;70;77;30;-67.2;141;525;3;22001;12600297;637440;432;0;10733241321
gNodeB - ID:41926723/234 PCI:434;103.967375;1.328529;-157.032074;0.243719;0.142048;1;190;79;30;-67.2;141;525;3;22001;12600298;637440;434;1;10733241322
gNodeB - ID:41926723/235 PCI:433;103.967375;1.328529;-157.032074;0.243719;0.142048;1;310;81;30;-67.2;141;525;3;22001;12600299;637440;433;5;10733241323
gNodeB - ID:41939843/235 PCI:29;103.935044;1.305531;-14.658345;2.090775;1.573307;1;290;228;30;-70.6;193;525;3;23001;15959019;637440;29;4;10736600043
gNodeB - ID:41952323/233 PCI:15;103.905910;1.299739;-25.740211;3.675581;3.606247;1;70;360;30;-54.6;27;525;3;23001;2376681;637440;15;3;10739794921
gNodeB - ID:41952323/234 PCI:16;103.905616;1.299616;-11.607375;0.613972;0.575880;1;260;353;30;-63.1;248;525;3;23001;2376682;637440;16;3;10739794922
gNodeB - ID:43523523/233 PCI:37;103.833318;1.270716;-119.162697;0.588523;0.511027;1;80;165;30;-57.4;44;525;3;12001;1950697;637440;37;5;11142022121
gNodeB - ID:43523523/235 PCI:38;103.833318;1.270716;-119.162697;0.588523;0.511027;1;260;157;30;-57.4;44;525;3;12001;1950699;637440;38;1;11142022123
gNodeB - ID:43773123/234 PCI:730;103.962200;1.335349;-59.396748;0.828173;0.676086;1;30;360;30;-64.3;61;525;3;22001;15516650;637440;730;0;11205919722
gNodeB - ID:43949123/233 PCI:372;103.951828;1.312348;-22.208101;0.357184;0.184381;1;80;261;30;-51.0;109;525;3;23001;10241001;637440;372;1;11250975721
gNodeB - ID:43949123/234 PCI:374;103.951828;1.312348;-22.208101;0.357184;0.184381;1;260;245;30;-51.0;109;525;3;23001;10241002;637440;374;4;11250975722
gNodeB - ID:43998723/233 PCI:140;103.924768;1.305405;-15.358794;1.743485;1.610295;1;70;360;30;-46.0;48;525;3;23001;6161385;637440;140;2;11263673321
gNodeB - ID:43998723/235 PCI:138;103.923206;1.304962;-15.185281;0.843516;0.815981;1;260;336;30;-43.5;51;525;3;23001;6161387;637440;138;5;11263673323
gNodeB - ID:44904643/233 PCI:278;103.961892;1.317109;-19.404396;3.191062;2.300954;1;50;206;30;-59.8;39;525;3;23001;3195881;637440;278;2;11495588841
gNodeB - ID:44904643/235 PCI:277;103.961201;1.315614;-10.092683;10.324901;10.263938;1;0;360;30;-63.1;156;525;3;23001;3195883;637440;277;5;11495588843
gNodeB - ID:44905923/233 PCI:174;103.942979;1.309074;-25.295023;4.356768;3.506661;1;190;109;30;-65.7;8;525;3;23001;3523561;637440;174;2;11495916521
gNodeB - ID:44905923/234 PCI:175;103.942979;1.309074;-25.295023;4.356768;3.506661;1;70;110;30;-65.7;8;525;3;23001;3523562;637440;175;0;11495916522
gNodeB - ID:44905923/235 PCI:176;103.942979;1.309074;-25.295023;4.356768;3.506661;1;310;109;30;-65.7;8;525;3;23001;3523563;637440;176;2;11495916523
gNodeB - ID:45014723/233 PCI:668;103.849524;1.272905;-172.533279;0.226367;0.208808;1;80;190;30;-57.1;187;525;3;12001;14599145;637440;668;0;11523769321
gNodeB - ID:45014723/234 PCI:667;103.849524;1.272905;-172.533279;0.226367;0.208808;1;260;194;30;-57.1;187;525;3;12001;14599146;637440;667;0;11523769322
gNodeB - ID:45021123/233 PCI:595;103.876258;1.294771;-46.185799;4.104535;2.926344;1;80;126;30;-49.9;270;525;3;12001;16237545;637440;595;5;11525407721
gNodeB - ID:45021123/234 PCI:596;103.876258;1.294771;-46.185799;4.104535;2.926344;1;320;110;30;-49.9;270;525;3;12001;16237546;637440;596;0;11525407722
gNodeB - ID:45021123/235 PCI:594;103.876258;1.294771;-46.185799;4.104535;2.926344;1;200;110;30;-49.9;270;525;3;12001;16237547;637440;594;5;11525407723
gNodeB - ID:45702723/235 PCI:414;103.841295;1.272396;-177.606018;1.447820;1.064403;1;260;305;30;-60.1;147;525;3;12001;6177771;637440;414;0;11699897323
gNodeB - ID:46130243/233 PCI:81;103.829677;1.257738;-30.364294;11.025157;5.277529;1;0;360;30;-79.9;249;525;3;12001;14959593;637440;81;3;11809342441
gNodeB - ID:46200643/233 PCI:319;103.969562;1.320399;-40.435303;0.198757;0.130749;1;0;103;30;-62.1;4;525;3;22001;16204777;637440;319;1;11827364841
gNodeB - ID:46200643/234 PCI:318;103.969562;1.320399;-40.435303;0.198757;0.130749;1;120;109;30;-62.1;4;525;3;22001;16204778;637440;318;0;11827364842
gNodeB - ID:46200643/235 PCI:320;103.969562;1.320399;-40.435303;0.198757;0.130749;1;240;107;30;-62.1;4;525;3;22001;16204779;637440;320;0;11827364843
gNodeB - ID:46967043/234 PCI:517;103.927828;1.304256;-38.395119;5.591319;4.626273;1;0;360;30;-74.5;98;525;3;23001;11076586;637440;517;5;12023563242
gNodeB - ID:47046403/233 PCI:766;103.921632;1.304503;-14.109558;0.362714;0.292877;1;70;288;30;-73.8;42;525;3;23001;14615529;637440;766;1;12043879401
gNodeB - ID:47046403/234 PCI:765;103.921632;1.304503;-14.109558;0.362714;0.292877;1;190;289;30;-73.8;42;525;3;23001;14615530;637440;765;5;12043879402
gNodeB - ID:1093440/51 PCI:689;103.876724;1.294255;-46.968887;6.206329;5.721226;1;0;360;30;-71.8;226;525;10;2022;11485235;422910;689;3;279920691
gNodeB - ID:771648/51 PCI:215;103.967306;1.327672;-153.474335;0.193379;0.133770;1;50;98;30;-58.2;20;525;10;2016;12992563;422910;215;3;197541939
gNodeB - ID:771648/52 PCI:213;103.967306;1.327672;-153.474335;0.193379;0.133770;1;170;100;30;-58.2;20;525;10;2016;12992564;422910;213;3;197541940
gNodeB - ID:771648/53 PCI:214;103.967306;1.327672;-153.474335;0.193379;0.133770;1;290;104;30;-58.2;20;525;10;2016;12992565;422910;214;3;197541941
gNodeB - ID:774208/51 PCI:457;103.881570;1.284243;-157.276535;13.161878;10.956038;1;0;360;30;-76.8;302;525;10;2022;13647923;422910;457;3;198197299
gNodeB - ID:774208/52 PCI:458;103.884581;1.294604;-161.090912;10.441754;10.192461;1;0;360;30;-58.5;188;525;10;2022;13647924;422910;458;3;198197300
gNodeB - ID:774208/53 PCI:456;103.884139;1.294711;-174.280426;0.216105;0.182814;1;280;150;30;-69.0;288;525;10;2022;13647925;422910;456;3;198197301
gNodeB - ID:774912/51 PCI:182;103.939862;1.310400;-14.648159;0.232184;0.152719;1;80;360;30;-53.6;111;525;10;2023;13828147;422910;182;3;198377523
gNodeB - ID:774912/52 PCI:180;103.936581;1.310853;-10.310818;0.315978;0.219036;1;220;135;30;-67.7;77;525;10;2023;13828148;422910;180;3;198377524
gNodeB - ID:774912/53 PCI:181;103.936581;1.310853;-10.310818;0.315978;0.219036;1;100;139;30;-67.7;77;525;10;2023;13828149;422910;181;3;198377525
gNodeB - ID:778304/52 PCI:15;103.900799;1.298210;0.000000;20.910006;20.910006;1;0;360;30;-75.9;149;525;10;2022;14696500;422910;15;3;199245876
gNodeB - ID:779200/51 PCI:610;103.894098;1.297705;-141.753952;2.977797;2.347347;1;90;232;30;-66.2;225;525;10;2022;14925875;422910;610;3;199475251
gNodeB - ID:779200/52 PCI:611;103.894098;1.297705;-141.753952;2.977797;2.347347;1;270;214;30;-66.2;225;525;10;2022;14925876;422910;611;3;199475252
gNodeB - ID:781632/52 PCI:30;103.925804;1.304924;-28.516760;14.188066;13.684255;1;0;360;30;-62.3;91;525;10;2023;15548468;422910;30;3;200097844
gNodeB - ID:781696/51 PCI:14;103.907412;1.299540;-174.595062;10.452336;10.196778;1;0;360;30;-59.4;73;525;10;2022;15564851;422910;14;3;200114227
gNodeB - ID:781696/52 PCI:12;103.905790;1.300097;-18.972258;4.422591;4.278430;1;70;360;30;-69.7;168;525;10;2022;15564852;422910;12;3;200114228
gNodeB - ID:781696/53 PCI:13;103.906149;1.304201;-14.563953;11.000084;10.393983;1;0;360;30;-82.0;69;525;10;2022;15564853;422910;13;3;200114229
gNodeB - ID:833792/51 PCI:109;103.842743;1.271987;-154.319656;5.364529;2.589330;1;0;360;30;-54.7;206;525;10;3013;12124211;422910;109;3;213450803
gNodeB - ID:833792/52 PCI:111;103.842743;1.271987;-154.319656;5.364529;2.589330;1;120;360;30;-54.7;206;525;10;3013;12124212;422910;111;3;213450804
gNodeB - ID:833792/53 PCI:112;103.841693;1.272443;-176.711639;0.235612;0.159787;1;90;247;30;-61.6;48;525;10;3013;12124213;422910;112;3;213450805
gNodeB - ID:833792/54 PCI:110;103.841693;1.272443;-176.711639;0.235612;0.159787;1;270;226;30;-61.6;48;525;10;3013;12124214;422910;110;3;213450806
gNodeB - ID:834368/54 PCI:46;103.857046;1.269698;-165.913101;1.721182;1.318349;1;300;360;30;-56.4;2;525;10;3013;12271670;422910;46;3;213598262
gNodeB - ID:836992/52 PCI:746;103.843035;1.270598;-169.904922;9.620756;9.576143;1;0;360;30;-59.0;246;525;10;3013;12943412;422910;746;3;214270004
gNodeB - ID:32887715/255 PCI:470;103.962584;1.329803;-161.284958;14.691412;14.618424;1;0;360;30;-63.5;71;525;1;812;13870079;426970;470;0;8419255295
gNodeB - ID:32983107/255 PCI:341;103.833123;1.272229;-1.662549;0.436184;0.215261;1;90;360;30;-55.5;63;525;1;841;4735999;426970;341;0;8443675647
gNodeB - ID:32990467/253 PCI:324;103.882096;1.295547;-2.844140;3.369294;3.315323;1;90;360;30;-57.2;45;525;1;807;6620157;426970;324;0;8445559805
gNodeB - ID:32990467/254 PCI:313;103.880742;1.294537;-173.543274;1.318711;1.064901;1;280;360;30;-53.6;314;525;1;807;6620158;426970;313;0;8445559806
gNodeB - ID:33001987/253 PCI:897;103.918548;1.303987;-38.714680;11.963734;5.158573;1;0;360;30;-67.8;96;525;1;807;9569277;426970;897;0;8448508925
gNodeB - ID:33041987/254 PCI:802;103.928352;1.307604;-37.732792;1.854279;1.817916;1;240;360;30;-70.2;140;525;1;807;3032062;426970;802;0;8458748926
gNodeB - ID:33084195/255 PCI:959;103.969906;1.320346;-65.890800;7.194724;4.004550;1;0;360;30;-64.2;50;525;1;812;13837311;426970;959;0;8469554175
gNodeB - ID:33084515/254 PCI:235;103.967037;1.327503;-161.852371;0.200028;0.129886;1;140;119;30;-63.5;30;525;1;812;13919230;426970;235;0;8469636094
gNodeB - ID:33084867/253 PCI:603;103.961460;1.333710;-44.189075;0.468435;0.433487;1;180;360;30;-61.5;39;525;1;812;14009341;426970;603;0;8469726205
gNodeB - ID:33214787/253 PCI:372;103.891601;1.295458;-177.900940;0.205960;0.142508;1;70;216;30;-49.2;160;525;1;807;13714429;426970;372;0;8502985725
gNodeB - ID:33214787/255 PCI:374;103.891601;1.295458;-177.900940;0.205960;0.142508;1;190;229;30;-49.2;160;525;1;807;13714431;426970;374;0;8502985727
gNodeB - ID:33253155/253 PCI:657;103.961234;1.315994;-21.417559;2.541759;2.471184;1;60;360;30;-59.2;203;525;1;807;6759421;426970;657;0;8512807933
gNodeB - ID:33253155/254 PCI:946;103.960818;1.315829;-21.626371;1.053110;0.883988;1;60;336;30;-55.5;38;525;1;807;6759422;426970;946;0;8512807934
gNodeB - ID:33314627/253 PCI:276;103.894599;1.295878;-16.925072;8.014279;7.826730;1;0;360;30;-51.4;137;525;1;807;5719037;426970;276;0;8528544765
gNodeB - ID:33329635/254 PCI:742;103.945127;1.311633;-3.385806;6.492375;6.414015;1;0;360;30;-53.5;191;525;1;807;9561086;426970;742;0;8532386814
gNodeB - ID:33329635/255 PCI:743;103.945263;1.311640;-2.862486;10.342180;10.163343;1;0;360;30;-46.6;69;525;1;807;9561087;426970;743;0;8532386815
gNodeB - ID:33471107/253 PCI:849;103.857489;1.270158;-163.719833;1.106193;0.860474;1;50;145;30;-59.6;74;525;1;811;12223485;426970;849;0;8568603645
gNodeB - ID:33471107/254 PCI:850;103.857489;1.270158;-163.719833;1.106193;0.860474;1;290;146;30;-59.6;74;525;1;811;12223486;426970;850;0;8568603646
gNodeB - ID:33471107/255 PCI:851;103.857489;1.270158;-163.719833;1.106193;0.860474;1;170;140;30;-59.6;74;525;1;811;12223487;426970;851;0;8568603647
gNodeB - ID:33491587/253 PCI:315;103.834233;1.270853;-142.569824;10.935694;10.280708;1;0;360;30;-52.0;273;525;1;809;689149;426970;315;0;8573846525
gNodeB - ID:33491587/254 PCI:316;103.834050;1.273633;-11.849416;0.433803;0.352060;1;230;258;30;-62.0;276;525;1;809;689150;426970;316;0;8573846526
gNodeB - ID:33519107/254 PCI:949;103.887295;1.294184;-171.587433;10.252200;10.204685;1;0;360;30;-61.3;113;525;1;807;7734270;426970;949;0;8580891646
gNodeB - ID:33579875/255 PCI:262;103.961374;1.333663;-57.914501;3.355056;3.352537;1;190;360;30;-56.0;35;525;1;812;6513663;426970;262;0;8596448255
gNodeB - ID:33583747/254 PCI:562;103.848513;1.275365;-30.603172;7.802027;2.607542;1;120;360;30;-61.8;438;525;1;811;7504894;426970;562;0;8597439486
gNodeB - ID:32998756/21 PCI:715;103.912176;1.301886;-15.475171;3.063837;2.862167;1;250;360;30;-73.4;22;525;1;807;8741909;635040;715;0;8447681557
gNodeB - ID:33001956/20 PCI:783;103.918317;1.304174;-25.767797;1.894687;1.427239;1;80;360;30;-69.3;171;525;1;807;9561108;635040;783;0;8448500756
gNodeB - ID:33001956/21 PCI:898;103.918168;1.302717;-19.774002;0.461787;0.360303;1;260;207;30;-76.3;107;525;1;807;9561109;635040;898;0;8448500757
gNodeB - ID:33041956/20 PCI:228;103.930546;1.307825;-19.411688;6.263871;5.856057;1;0;360;30;-69.5;93;525;1;807;3023892;635040;228;0;8458740756
gNodeB - ID:33041956/21 PCI:64;103.928328;1.307594;-37.871677;4.958005;4.910267;1;190;360;30;-76.4;199;525;1;807;3023893;635040;64;0;8458740757
gNodeB - ID:33084196/20 PCI:675;103.969545;1.320763;-38.132683;0.227574;0.147892;1;30;137;30;-70.9;60;525;1;812;13837332;635040;675;0;8469554196
gNodeB - ID:33084516/21 PCI:772;103.967145;1.327710;-162.897720;0.222199;0.126675;1;150;127;30;-76.7;18;525;1;812;13919253;635040;772;0;8469636117
gNodeB - ID:33214756/20 PCI:372;103.891613;1.295429;-177.647018;0.399282;0.315447;1;90;305;30;-55.3;183;525;1;807;13706260;635040;372;0;8502977556
gNodeB - ID:33214756/22 PCI:374;103.891613;1.295429;-177.647018;0.399282;0.315447;1;270;324;30;-55.3;183;525;1;807;13706262;635040;374;0;8502977558
gNodeB - ID:33253156/20 PCI:657;103.961597;1.316153;-21.143034;1.580119;1.476656;1;70;360;30;-54.0;82;525;1;807;6759444;635040;657;0;8512807956
gNodeB - ID:33253156/22 PCI:659;103.961085;1.315944;-21.982634;10.219576;10.157957;1;0;360;30;-54.1;188;525;1;807;6759446;635040;659;0;8512807958
gNodeB - ID:33257956/21 PCI:730;103.939370;1.310253;-15.589935;10.243174;10.162570;1;0;360;30;-60.9;46;525;1;807;7988245;635040;730;0;8514036757
gNodeB - ID:33472996/20 PCI:798;103.900548;1.298117;0.000000;33.340008;33.340008;1;0;360;30;-88.3;54;525;1;807;12706836;635040;798;0;8569086996
gNodeB - ID:33472996/21 PCI:799;103.900752;1.298193;0.000000;32.630005;32.630005;1;0;360;30;-87.6;101;525;1;807;12706837;635040;799;0;8569086997
gNodeB - ID:33552036/21 PCI:166;103.845475;1.273086;-9.452979;1.969100;0.995255;1;90;354;30;-59.8;439;525;1;841;16163861;635040;166;0;8589321237
gNodeB - ID:33583716/20 PCI:561;103.849352;1.274490;-21.037992;0.428960;0.201464;1;0;162;30;-58.8;79;525;1;811;7496724;635040;561;0;8597431316
gNodeB - ID:33583716/21 PCI:562;103.849352;1.274490;-21.037992;0.428960;0.201464;1;120;135;30;-58.8;79;525;1;811;7496725;635040;562;0;8597431317
gNodeB - ID:68393611/186 PCI:87;103.836124;1.271364;-4.154819;10.208042;10.161231;1;0;360;30;-60.6;241;525;5;5511;10128314;431050;87;0;17508764602
gNodeB - ID:68739531/185 PCI:679;103.856113;1.270204;-150.614868;0.322510;0.223297;1;300;158;30;-49.6;10;525;5;5501;14797753;431050;679;0;17597320121
gNodeB - ID:68739531/186 PCI:680;103.856113;1.270204;-150.614868;0.322510;0.223297;1;60;160;30;-49.6;10;525;5;5501;14797754;431050;680;0;17597320122
gNodeB - ID:69193931/185 PCI:572;103.962480;1.323157;-12.112755;0.222446;0.158851;1;20;114;30;-84.5;6;525;5;5507;13683641;431050;572;0;17713646521
gNodeB - ID:69193931/186 PCI:571;103.962480;1.323157;-12.112755;0.222446;0.158851;1;140;125;30;-84.5;6;525;5;5507;13683642;431050;571;0;17713646522
gNodeB - ID:81217931/186 PCI:637;103.939680;1.310345;-177.406250;1.515542;1.514832;1;70;360;30;-48.0;64;525;5;5502;4819898;431050;637;0;20791790522
gNodeB - ID:68358403/234 PCI:138;103.832792;1.272317;-61.112583;10.411949;8.764273;1;0;360;30;-63.5;455;525;5;5511;1115114;637440;138;5;17499751402
gNodeB - ID:68393603/234 PCI:87;103.835999;1.273157;-178.470383;0.331760;0.252126;1;100;266;30;-56.3;410;525;5;5511;10126314;637440;87;3;17508762602
gNodeB - ID:68397123/233 PCI:360;103.842311;1.273184;-9.306914;0.306513;0.203976;1;20;212;30;-60.3;108;525;5;5501;11027433;637440;360;0;17509663721
gNodeB - ID:68397123/235 PCI:362;103.842311;1.273184;-9.306914;0.306513;0.203976;1;260;228;30;-60.3;108;525;5;5501;11027435;637440;362;0;17509663723
gNodeB - ID:68739523/233 PCI:679;103.855920;1.268258;-171.764526;0.292872;0.146448;1;20;82;30;-52.9;5;525;5;5501;14795753;637440;679;0;17597318121
gNodeB - ID:68739523/234 PCI:680;103.855920;1.268258;-171.764526;0.292872;0.146448;1;140;79;30;-52.9;5;525;5;5501;14795754;637440;680;5;17597318122
gNodeB - ID:68739523/235 PCI:678;103.855920;1.268258;-171.764526;0.292872;0.146448;1;260;91;30;-52.9;5;525;5;5501;14795755;637440;678;5;17597318123
gNodeB - ID:69193923/233 PCI:572;103.962667;1.323166;-2.862557;0.238118;0.162129;1;20;119;30;-78.8;58;525;5;5507;13681641;637440;572;3;17713644521
gNodeB - ID:69193923/234 PCI:571;103.962667;1.323166;-2.862557;0.238118;0.162129;1;200;118;30;-78.8;58;525;5;5507;13681642;637440;571;2;17713644522
gNodeB - ID:69758723/233 PCI:188;103.894099;1.295821;-15.392302;0.386986;0.264595;1;270;319;30;-56.0;300;525;5;5512;7275497;637440;188;4;17858233321
gNodeB - ID:80173123/234 PCI:569;103.964762;1.329063;-159.052734;1.867362;1.613425;1;170;216;30;-83.2;69;525;5;5507;5784554;637440;569;0;20524319722
gNodeB - ID:80179523/234 PCI:446;103.823745;1.265576;-1.543140;1.580280;1.167617;1;60;360;30;-52.3;488;525;5;5511;7422954;637440;446;1;20525958122
gNodeB - ID:80813123/233 PCI:473;103.960273;1.333052;-46.489162;0.220616;0.170891;1;290;198;30;-62.0;32;525;5;5507;1852393;637440;473;5;20688159721
gNodeB - ID:80813123/234 PCI:472;103.960273;1.333052;-46.489162;0.220616;0.170891;1;50;212;30;-62.0;32;525;5;5507;1852394;637440;472;0;20688159722
gNodeB - ID:81217923/233 PCI:638;103.939215;1.310214;-15.581734;10.444783;10.161869;1;0;360;30;-44.9;192;525;5;5502;4817897;637440;638;3;20791788521
gNodeB - ID:81217923/234 PCI:637;103.938135;1.309932;-95.173683;2.320889;2.259726;1;70;360;30;-55.2;171;525;5;5502;4817898;637440;637;2;20791788522
gNodeB - ID:81217923/235 PCI:636;103.938352;1.310018;-16.535213;7.998538;7.633518;1;0;360;30;-55.8;209;525;5;5502;4817899;637440;636;0;20791788523
gNodeB - ID:81261443/235 PCI:499;103.896654;1.296691;-23.836048;0.248126;0.206854;1;260;350;30;-72.8;64;525;5;5502;15959019;637440;499;1;20802929643
